69|450|278|70|69|69|0|69|69|69|69|6245380.63|24981.51|3081003.30|876366|1806604979|3177735482|0|176|69|5460018407|591112647|69|69|69|69|;
1001-18-000030-00|1|1|1|20180630|20190630||20|2|3261|28003|325837.65|1303.35|164257.89|60084|54357580|260783516|0|1|3|394048097|78907001|20180801|0|1|13688.1575|;
1001-18-000030-00|2|1|1|20180630|20190630||20|2|3261|19046|4942.11|19.77|2491.36|911|0|9006528|0|1|3|9006528|0|20180801|0|1|207.613333333333|;
1001-18-000030-00|3|1|1|20180630|20190630||20|2|3261|24028|3953.68|15.81|1993.09|729|0|7202832|0|1|3|7202832|0|20180801|0|1|166.090833333333|;
1001-18-000030-00|4|1|1|20180630|20190630||20|2|3261|15121|292.63|1.18|147.52|54|0|532274|0|1|3|532274|0|20180801|0|1|12.2933333333333|;
1001-18-000030-00|5|1|1|20180630|20190630||20|2|3261|28003|2623.87|10.50|1322.72|484|0|4777207|0|1|3|4777207|0|20180801|0|1|110.226666666667|;
1001-18-000037-00|1|1|1|20180815|20190630||20|2|3261|29042|851297.56|3405.17|368272.92|151616|26577662|482784979|0|1|3|747233124|237870483|20180926|0|1|30689.41|;
1001-18-000037-00|2|1|1|20180815|20190630||20|2|3261|30039|30955.15|123.83|13391.26|5513|23235512|0|0|1|3|23235512|0|20180926|0|1|1115.93833333333|;
1001-18-000037-00|3|1|1|20180815|20190630||20|2|3261|15121|2059.91|8.24|891.12|367|0|1549088|0|1|3|1549088|0|20180926|0|1|74.26|;
1001-18-000037-00|4|1|1|20180815|20190630||20|2|3261|2004|1156.94|4.63|500.50|206|0|869342|0|1|3|869342|0|20180926|0|1|41.7083333333333|;
1001-18-000037-00|5|1|1|20180815|20190630||20|2|3261|19026|1179.51|4.72|510.26|210|0|881946|0|1|3|881946|0|20180926|0|1|42.5216666666667|;
1001-18-000037-00|6|1|1|20180815|20190630||20|2|3261|26030|575.65|2.31|249.03|103|0|429489|0|1|3|429489|0|20180926|0|1|20.7525|;
1001-18-000037-00|7|1|1|20180815|20190630||20|2|3261|7087|3933.59|15.73|1701.68|701|0|2951023|0|1|3|2951023|0|20180926|0|1|141.806666666667|;
1001-18-000037-00|8|1|1|20180815|20190630||20|2|3261|28003|55408.86|221.63|23969.98|9868|0|41594123|0|1|3|41594123|0|20180926|0|1|1997.49833333333|;
1001-18-000037-00|9|1|1|20180815|20190630||20|2|3261|30193|79016.04|316.06|34182.49|14073|0|59310328|0|1|3|59310328|0|20180926|0|1|2848.54083333333|;
1001-18-000037-00|10|1|1|20180815|20190630||20|2|3261|29042|18855.27|75.42|8156.83|3358|0|14151759|0|1|3|14151759|0|20180926|0|1|679.735833333333|;
1001-18-000037-00|11|1|1|20180815|20190630||20|2|3261|30193|620.79|2.49|268.56|111|0|465940|0|1|3|465940|0|20180926|0|1|22.38|;
1001-18-000037-00|12|1|1|20180815|20190630||20|2|3261|19045|1743.87|6.97|754.40|311|0|1310126|0|1|3|1310126|0|20180926|0|1|62.8666666666667|;
1001-18-000037-00|13|1|1|20180815|20190630||20|2|3261|11027|304.75|1.22|131.83|54|0|227968|0|1|3|227968|0|20180926|0|1|10.9858333333333|;
1001-18-000037-00|14|1|1|20180815|20190630||20|2|3261|33001|694.17|2.78|300.30|124|0|521657|0|1|3|521657|0|20180926|0|1|25.025|;
1001-18-000037-00|15|1|1|20180815|20190630||20|2|3261|33001|1281.10|5.12|554.21|228|0|959558|0|1|3|959558|0|20180926|0|1|46.1841666666667|;
1001-18-000037-00|16|1|1|20180815|20190630||20|2|3261|33001|2217.94|8.88|959.48|395|0|1662497|0|1|3|1662497|0|20180926|0|1|79.9566666666667|;
1001-18-000037-00|17|1|1|20180815|20190630||20|2|3261|33001|970.70|3.89|419.92|173|0|727576|0|1|3|727576|0|20180926|0|1|34.9933333333333|;
1001-18-000037-00|18|1|1|20180815|20190630||20|2|3261|33001|485.35|1.94|209.97|86|0|363555|0|1|3|363555|0|20180926|0|1|17.4975|;
1001-18-000037-00|19|1|1|20180815|20190630||20|2|3261|33001|699.81|2.80|302.74|125|0|526597|0|1|3|526597|0|20180926|0|1|25.2283333333333|;
1001-18-000037-00|20|1|1|20180815|20190630||20|2|3261|33001|970.70|3.89|419.92|173|0|727576|0|1|3|727576|0|20180926|0|1|34.9933333333333|;
1001-18-000053-00|1|1|1|20180930|20190930||10|1|3251|15045|158155.75|632.63|39863.92|27978|26665000|29750000|0|1|3|153915000|97500000|20181023|0|1|3321.99333333333|;
1001-18-000053-00|2|1|1|20180930|20190930||10|1|3251|9016|76.00|0.31|19.15|13|0|250000|0|1|3|250000|0|20181023|0|1|1.59583333333333|;
1001-18-000053-00|3|1|1|20180930|20190930||10|1|3251|13076|50719.75|202.88|12784.16|8972|0|29625000|0|1|3|29625000|0|20181023|0|1|1065.34666666667|;
1001-18-000053-00|4|1|1|20180930|20190930||10|1|3251|15109|10700.50|42.80|2697.12|1893|0|6250000|0|1|3|6250000|0|20181023|0|1|224.76|;
1001-18-000078-00|1|1|1|20181128|20191128||20|2|3261|14097|170642.86|682.57|15427.99|18481|8814556|63170618|0|1|2|92097037|20111863|20181228|0|1|1285.66583333333|;
1001-18-000078-00|2|1|1|20181128|20191128||20|2|3261|14120|18308.16|73.24|1655.26|1983|4755378|5069670|0|1|2|9825048|0|20181228|0|1|137.938333333333|;
1001-18-000078-00|3|1|1|20181128|20191128||20|2|3261|14120|21809.01|87.23|1971.77|2362|1398480|8809851|0|1|2|11588071|1379740|20181228|0|1|164.314166666667|;
1001-18-000078-00|4|1|1|20181128|20191128||20|2|3261|14098|119.91|0.47|10.83|13|319240|16291|0|1|2|335531|0|20181228|0|1|0.9025|;
1001-18-000078-00|5|1|1|20181128|20191128||20|2|3261|14098|3516.58|14.06|317.94|381|693174|1207218|0|1|2|2183530|283138|20181228|0|1|26.495|;
1001-18-000078-00|6|1|1|20181128|20191128||20|2|3261|14097|310.58|1.24|28.08|34|82920|73032|0|1|2|155952|0|20181228|0|1|2.34|;
1001-18-000078-00|7|1|1|20181128|20191128||20|2|3261|14120|108.12|0.44|9.78|12|222273|85086|0|1|2|307359|0|20181228|0|1|0.815|;
1001-18-000078-00|8|1|1|20181128|20191128||20|2|3261|14120|485.52|1.94|43.90|53|744148|318919|0|1|2|1063067|0|20181228|0|1|3.65833333333333|;
1001-18-000078-00|9|1|1|20181128|20191128||20|2|3261|14120|171.02|0.68|15.47|19|165838|85044|0|1|2|250882|0|20181228|0|1|1.28916666666667|;
1001-18-000078-00|10|1|1|20181128|20191128||20|2|3261|14097|1668.85|6.68|150.88|181|842675|0|0|1|2|842675|0|20181228|0|1|12.5733333333333|;
1001-18-000080-00|1|1|1|20181231|20191231||20|2|3221|2002|152830.89|611.32|418.72|0|28660334|206830452|0|1|3|235490786|0|20181228|0|1|34.8933333333333|;
1001-18-000080-00|2|1|1|20181231|20191231||20|2|3221|2002|119816.29|479.27|328.27|0|22078021|160860858|0|1|3|182938879|0|20181228|0|1|27.3558333333333|;
1001-18-000080-00|3|1|1|20181231|20191231||20|2|3221|2002|11872.27|47.49|32.53|0|49065808|0|0|1|3|49065808|0|20181228|0|1|2.71083333333333|;
1001-18-000080-00|4|1|1|20181231|20191231||20|2|3221|2002|140349.91|561.41|384.51|0|31925487|182368184|0|1|3|214293671|0|20181228|0|1|32.0425|;
1001-18-000080-00|5|1|1|20181231|20191231||20|2|3221|2002|27853.73|111.42|76.31|0|16003310|26524498|0|1|3|42527808|0|20181228|0|1|6.35916666666667|;
1001-18-000080-00|6|1|1|20181231|20191231||20|2|3221|14070|120861.05|483.44|331.13|0|42236849|142299523|0|1|3|184536372|0|20181228|0|1|27.5941666666667|;
1001-18-000080-00|7|1|1|20181231|20191231||20|2|3221|19012|51451.76|205.81|140.96|0|22664539|55892910|0|1|3|78557449|0|20181228|0|1|11.7466666666667|;
1001-18-000081-00|1|1|1|20181231|20191231||20|6|3221|2002|251259.06|1005.04|688.37|0|84219113|262660012|0|1|3|346879125|0|20181228|0|1|57.3641666666667|;
1001-18-000081-00|2|1|1|20181231|20191231||20|6|3221|2002|170.86|0.68|0.46|0|0|1596660|0|1|3|1596660|0|20181228|0|1|0.0383333333333333|;
1001-18-000081-00|3|1|1|20181231|20191231||20|6|3221|2002|474.17|1.90|1.30|0|3187444|1129944|0|1|3|4317388|0|20181228|0|1|0.108333333333333|;
A1002-18-000002-00|2|1|1|20180331|20190331||10|2|5242|2004|1061.00|4.24|799.37|133|75000|350000|0|5|2|425000|0|20180402|0|1|66.6141666666667|;
A1002-18-000002-00|3|1|1|20180331|20190331||10|2|5242|8037|107.00|0.42|80.61|13|75000|650000|0|5|2|725000|0|20180402|0|1|6.7175|;
A1002-18-000002-00|4|1|1|20180331|20190331||10|2|5242|11020|23.00|0.08|17.32|3|25000|138000|0|5|2|163000|0|20180402|0|1|1.44333333333333|;
A1002-18-000002-00|5|1|1|20180331|20190331||10|2|5242|14039|1952.00|7.80|1470.68|245|5000000|10836126|0|11|2|15836126|0|20180402|0|1|122.556666666667|;
A1002-18-000002-00|6|1|1|20180331|20190331||10|2|5242|9015|9172.00|36.69|6910.40|1152|25000000|37500000|0|30|2|62500000|10000000|20180402|0|1|575.866666666667|;
A1002-18-000002-00|7|1|1|20180331|20190331||10|2|5242|9003|586.00|2.34|441.49|74|210000|2516000|0|1|2|2726000|0|20180402|0|1|36.7908333333333|;
A1002-18-000002-00|8|1|1|20180331|20190331||10|2|5242|9002|1421.00|5.68|1070.61|178|0|8320000|0|1|2|8320000|0|20180402|0|1|89.2175|;
A1002-18-000002-00|9|1|1|20180331|20190331||10|2|5242|15057|949.00|3.80|714.99|119|1000000|5500000|0|10|2|6500000|0|20180402|0|1|59.5825|;
A1002-18-000002-00|10|1|1|20180331|20190331||10|2|5242|19019|1044.00|4.18|786.57|131|250000|6500000|0|11|2|6750000|0|20180402|0|1|65.5475|;
A1002-18-000002-00|11|1|1|20180331|20190331||10|2|5242|21119|124.00|0.50|93.42|16|250000|550000|0|11|2|800000|0|20180402|0|1|7.785|;
A1002-18-000002-00|12|1|1|20180331|20190331||10|2|5242|22014|46.00|0.18|34.65|6|25000|300000|0|5|2|325000|0|20180402|0|1|2.8875|;
A1002-18-000002-00|13|1|1|20180331|20190331||10|2|5242|1001|26.00|0.10|19.59|3|25000|150000|0|11|2|175000|0|20180402|0|1|1.6325|;
A1002-18-000002-00|14|1|1|20180331|20190331||10|2|5242|26030|10.00|0.03|7.53|1|25000|50000|0|5|2|75000|0|20180402|0|1|0.6275|;
A1002-18-000006-00|1|1|1|20180413|20190413||20|2|2211|9010|55467.22|221.87|39814.82|8875|0|112183847|0|1|2|144411658|64455622|20180507|0|1|3317.90166666667|;
A1002-18-000007-00|2|1|1|20180430|20190430||20|1|3131|15051|1111692.42|4446.77|746204.50|176426|137509803|431155719|0|1|2|607967922|39302400|20180509|0|1|62183.7083333333|;
A1002-18-000007-00|3|1|1|20180430|20190430||20|1|3131|15051|2210420.77|8841.67|1483707.09|350794|259668834|462027656|0|2|2|687792000|39302400|20180509|0|1|123642.2575|;
A1002-18-000007-00|4|1|1|20180430|20190430||20|1|3131|15051|113006.31|452.03|75853.55|17934|39302400|0|0|2|2|39302400|0|20180509|0|1|6321.12916666667|;
A1002-18-000007-00|5|1|1|20180430|20190430||20|1|3131|9004|789.28|3.16|529.80|125|0|3930240|0|5|2|3930240|0|20180509|0|1|44.15|;
A1002-18-000007-00|6|1|1|20180430|20190430||20|1|3131|9015|2328.40|9.31|1562.89|370|0|6386640|0|3|2|6386640|0|20180509|0|1|130.240833333333|;
A1002-18-000020-00|1|210|2|20180601|20190601||10|1|9499|17028|29345.03|117.38|17124.63|7336|889248601|9500000|0|2|3|900748601|2000000|20180616|0|1|1427.0525|;
