224|1253|224|224|6443193670|110|6890599802|;
1001-18-000030-00|1|2|03|6681408|1|6681408|;
1001-18-000030-00|1|2|12|260783516|0|260783516|;
1001-18-000030-00|1|1|03|6681408|1|6681408|;
1001-18-000030-00|1|1|12|54357580|0|54357580|;
1001-18-000030-00|1|3|04|78907001|0|78907001|;
1001-18-000030-00|1|3|05|6681408|1|6681408|;
1001-18-000030-00|2|2|03|6681408|1|6681408|;
1001-18-000030-00|2|2|12|9006528|0|9006528|;
1001-18-000030-00|3|2|03|6681408|1|6681408|;
1001-18-000030-00|3|2|12|7202832|0|7202832|;
1001-18-000030-00|4|2|03|532274|1|532274|;
1001-18-000030-00|4|2|12|532274|0|532274|;
1001-18-000030-00|5|2|03|4777207|1|4777207|;
1001-18-000030-00|5|2|12|4777207|0|4777207|;
1001-18-000037-00|1|2|03|48278498|1|48278498|;
1001-18-000037-00|1|2|12|482784979|0|482784979|;
1001-18-000037-00|1|1|03|2657766|1|2657766|;
1001-18-000037-00|1|1|12|26577662|0|26577662|;
1001-18-000037-00|1|3|09|2947680|1|2947680|;
1001-18-000037-00|1|3|05|29476800|1|29476800|;
1001-18-000037-00|1|3|11|58953600|1|58953600|;
1001-18-000037-00|1|3|04|237870483|0|237870483|;
1001-18-000037-00|2|1|03|2323551|1|2323551|;
1001-18-000037-00|2|1|12|23235512|0|23235512|;
1001-18-000037-00|3|2|03|154909|1|154909|;
1001-18-000037-00|3|2|12|1549088|0|1549088|;
1001-18-000037-00|4|2|03|86934|1|86934|;
1001-18-000037-00|4|2|12|869342|0|869342|;
1001-18-000037-00|5|2|03|88195|1|88195|;
1001-18-000037-00|5|2|12|881946|0|881946|;
1001-18-000037-00|6|2|03|42949|1|42949|;
1001-18-000037-00|6|2|12|429489|0|429489|;
1001-18-000037-00|7|2|03|295102|1|295102|;
1001-18-000037-00|7|2|12|2951023|0|2951023|;
1001-18-000037-00|8|2|03|4159412|1|4159412|;
1001-18-000037-00|8|2|12|41594123|0|41594123|;
1001-18-000037-00|9|2|03|5931033|1|5931033|;
1001-18-000037-00|9|2|12|59310328|0|59310328|;
1001-18-000037-00|10|2|03|1415176|1|1415176|;
1001-18-000037-00|10|2|12|14151759|0|14151759|;
1001-18-000037-00|11|2|03|46594|1|46594|;
1001-18-000037-00|11|2|12|465940|0|465940|;
1001-18-000037-00|12|2|03|131013|1|131013|;
1001-18-000037-00|12|2|12|1310126|0|1310126|;
1001-18-000037-00|13|2|03|22797|1|22797|;
1001-18-000037-00|13|2|12|227968|0|227968|;
1001-18-000037-00|14|2|03|52166|1|52166|;
1001-18-000037-00|14|2|12|521657|0|521657|;
1001-18-000037-00|15|2|03|95956|1|95956|;
1001-18-000037-00|15|2|12|959558|0|959558|;
1001-18-000037-00|16|2|03|166250|1|166250|;
1001-18-000037-00|16|2|12|1662497|0|1662497|;
1001-18-000037-00|17|2|03|72758|1|72758|;
1001-18-000037-00|17|2|12|727576|0|727576|;
1001-18-000037-00|18|2|03|36356|1|36356|;
1001-18-000037-00|18|2|12|363555|0|363555|;
1001-18-000037-00|19|2|03|52660|1|52660|;
1001-18-000037-00|19|2|12|526597|0|526597|;
1001-18-000037-00|20|2|03|72758|1|72758|;
1001-18-000037-00|20|2|12|727576|0|727576|;
1001-18-000053-00|1|2|03|2975000|1|2975000|;
1001-18-000053-00|1|2|12|29750000|0|29750000|;
1001-18-000053-00|1|1|03|2666500|1|2666500|;
1001-18-000053-00|1|1|12|26665000|0|26665000|;
1001-18-000053-00|1|3|04|97500000|0|97500000|;
1001-18-000053-00|1|3|05|9750000|1|9750000|;
1001-18-000053-00|2|2|03|25000|1|25000|;
1001-18-000053-00|2|2|12|250000|0|250000|;
1001-18-000053-00|3|2|03|2962500|1|2962500|;
1001-18-000053-00|3|2|12|29625000|0|29625000|;
1001-18-000053-00|4|2|03|625000|1|625000|;
1001-18-000053-00|4|2|12|6250000|0|6250000|;
1001-18-000078-00|1|2|03|6317062|1|6317062|;
1001-18-000078-00|1|2|12|63170618|0|63170618|;
1001-18-000078-00|1|1|03|881456|1|881456|;
1001-18-000078-00|1|1|12|8814556|0|8814556|;
1001-18-000078-00|1|3|05|1660526|1|1660526|;
1001-18-000078-00|1|3|04|20111863|0|20111863|;
1001-18-000078-00|2|2|03|506967|1|506967|;
1001-18-000078-00|2|2|12|5069670|0|5069670|;
1001-18-000078-00|2|1|03|475538|1|475538|;
1001-18-000078-00|2|1|12|4755378|0|4755378|;
1001-18-000078-00|3|2|03|880985|1|880985|;
1001-18-000078-00|3|2|12|8809851|0|8809851|;
1001-18-000078-00|3|1|03|139848|1|139848|;
1001-18-000078-00|3|1|12|1398480|0|1398480|;
1001-18-000078-00|3|3|05|1379740|1|1379740|;
1001-18-000078-00|3|3|04|1379740|0|1379740|;
1001-18-000078-00|4|2|12|16291|0|16291|;
1001-18-000078-00|4|1|03|31924|1|31924|;
1001-18-000078-00|4|1|12|319240|0|319240|;
1001-18-000078-00|5|2|03|120722|1|120722|;
1001-18-000078-00|5|2|12|1207218|0|1207218|;
1001-18-000078-00|5|1|03|69317|1|69317|;
1001-18-000078-00|5|1|12|693174|0|693174|;
1001-18-000078-00|5|3|05|283138|1|283138|;
1001-18-000078-00|5|3|04|283138|0|283138|;
1001-18-000078-00|6|2|03|7303|1|7303|;
1001-18-000078-00|6|2|12|73032|0|73032|;
1001-18-000078-00|6|1|03|8292|1|8292|;
1001-18-000078-00|6|1|12|82920|0|82920|;
1001-18-000078-00|7|2|03|8509|1|8509|;
1001-18-000078-00|7|2|12|85086|0|85086|;
1001-18-000078-00|7|1|03|22227|1|22227|;
1001-18-000078-00|7|1|12|222273|0|222273|;
1001-18-000078-00|8|2|03|31892|1|31892|;
1001-18-000078-00|8|2|12|318919|0|318919|;
1001-18-000078-00|8|1|03|74415|1|74415|;
1001-18-000078-00|8|1|12|744148|0|744148|;
1001-18-000078-00|9|2|03|8504|1|8504|;
1001-18-000078-00|9|2|12|85044|0|85044|;
1001-18-000078-00|9|1|03|16584|1|16584|;
1001-18-000078-00|9|1|12|165838|0|165838|;
1001-18-000078-00|10|1|03|84267|1|84267|;
1001-18-000078-00|10|1|12|842675|0|842675|;
1001-18-000080-00|1|2|03|35372160|1|35372160|;
1001-18-000080-00|1|2|12|206830452|0|206830452|;
1001-18-000080-00|1|1|03|28660334|1|28660334|;
1001-18-000080-00|1|1|12|28660334|0|28660334|;
1001-18-000080-00|2|2|03|35372160|1|35372160|;
1001-18-000080-00|2|2|12|160860858|0|160860858|;
1001-18-000080-00|2|1|03|22078021|1|22078021|;
1001-18-000080-00|2|1|12|22078021|0|22078021|;
1001-18-000080-00|3|1|03|35372160|1|35372160|;
1001-18-000080-00|3|1|12|49065808|0|49065808|;
1001-18-000080-00|4|2|03|35372160|1|35372160|;
1001-18-000080-00|4|2|12|182368184|0|182368184|;
1001-18-000080-00|4|1|03|31925487|1|31925487|;
1001-18-000080-00|4|1|12|31925487|0|31925487|;
1001-18-000080-00|5|2|03|26524498|1|26524498|;
1001-18-000080-00|5|2|12|26524498|0|26524498|;
1001-18-000080-00|5|1|03|16003310|1|16003310|;
1001-18-000080-00|5|1|12|16003310|0|16003310|;
1001-18-000080-00|6|2|03|16113984|1|16113984|;
1001-18-000080-00|6|2|12|142299523|0|142299523|;
1001-18-000080-00|6|1|03|16113984|1|16113984|;
1001-18-000080-00|6|1|12|42236849|0|42236849|;
1001-18-000080-00|7|2|03|5895360|1|5895360|;
1001-18-000080-00|7|2|12|55892910|0|55892910|;
1001-18-000080-00|7|1|03|5895360|1|5895360|;
1001-18-000080-00|7|1|12|22664539|0|22664539|;
1001-18-000081-00|1|2|03|26266001|1|26266001|;
1001-18-000081-00|1|2|12|262660012|0|262660012|;
1001-18-000081-00|1|1|03|8421911|1|8421911|;
1001-18-000081-00|1|1|12|84219113|0|84219113|;
1001-18-000081-00|2|2|03|159666|1|159666|;
1001-18-000081-00|2|2|12|1596660|0|1596660|;
1001-18-000081-00|3|2|03|112994|1|112994|;
1001-18-000081-00|3|2|12|1129944|0|1129944|;
1001-18-000081-00|3|1|03|318744|1|318744|;
1001-18-000081-00|3|1|12|3187444|0|3187444|;
A1002-18-000002-00|2|2|03|70000|1|70000|;
A1002-18-000002-00|2|2|12|350000|0|350000|;
A1002-18-000002-00|2|1|03|15000|1|15000|;
A1002-18-000002-00|2|1|12|75000|0|75000|;
A1002-18-000002-00|6|3|05|10000000|1|10000000|;
A1002-18-000002-00|3|2|03|130000|1|130000|;
A1002-18-000002-00|3|2|12|650000|0|650000|;
A1002-18-000002-00|3|1|12|75000|0|75000|;
A1002-18-000002-00|4|2|03|27600|1|27600|;
A1002-18-000002-00|4|2|12|138000|0|138000|;
A1002-18-000002-00|4|1|12|25000|0|25000|;
A1002-18-000002-00|5|2|03|2167225|1|2167225|;
A1002-18-000002-00|5|2|12|10836126|0|10836126|;
A1002-18-000002-00|5|1|03|1000000|1|1000000|;
A1002-18-000002-00|5|1|12|5000000|0|5000000|;
A1002-18-000002-00|6|2|03|7500000|1|7500000|;
A1002-18-000002-00|6|2|12|37500000|0|37500000|;
A1002-18-000002-00|6|1|03|5000000|1|5000000|;
A1002-18-000002-00|6|1|12|25000000|0|25000000|;
A1002-18-000002-00|7|2|03|503200|1|503200|;
A1002-18-000002-00|7|2|12|2516000|0|2516000|;
A1002-18-000002-00|7|1|03|42000|1|42000|;
A1002-18-000002-00|7|1|12|210000|0|210000|;
A1002-18-000002-00|8|2|03|1664000|1|1664000|;
A1002-18-000002-00|8|2|12|8320000|0|8320000|;
A1002-18-000002-00|9|2|03|1100000|1|1100000|;
A1002-18-000002-00|9|2|12|5500000|0|5500000|;
A1002-18-000002-00|9|1|03|200000|1|200000|;
A1002-18-000002-00|9|1|12|1000000|0|1000000|;
A1002-18-000002-00|10|2|03|1300000|1|1300000|;
A1002-18-000002-00|10|2|12|6500000|0|6500000|;
A1002-18-000002-00|10|1|03|50000|1|50000|;
A1002-18-000002-00|10|1|12|250000|0|250000|;
A1002-18-000002-00|11|2|03|110000|1|110000|;
A1002-18-000002-00|11|2|12|550000|0|550000|;
A1002-18-000002-00|11|1|03|50000|1|50000|;
A1002-18-000002-00|11|1|12|250000|0|250000|;
A1002-18-000002-00|12|2|03|60000|1|60000|;
A1002-18-000002-00|12|2|12|300000|0|300000|;
A1002-18-000002-00|12|1|12|25000|0|25000|;
A1002-18-000002-00|13|2|03|30000|1|30000|;
A1002-18-000002-00|13|2|12|150000|0|150000|;
A1002-18-000002-00|13|1|12|25000|0|25000|;
A1002-18-000002-00|14|2|12|50000|0|50000|;
A1002-18-000002-00|14|2|03|50000|1|50000|;
A1002-18-000002-00|14|1|12|25000|0|25000|;
A1002-18-000006-00|1|2|03|11218379|1|11218379|;
A1002-18-000006-00|1|2|12|112183847|0|112183847|;
A1002-18-000006-00|1|3|04|64455622|0|64455622|;
A1002-18-000006-00|1|3|05|1965120|1|1965120|;
A1002-18-000007-00|2|2|03|43115578|1|43115578|;
A1002-18-000007-00|2|2|12|431155719|0|431155719|;
A1002-18-000007-00|2|1|03|13750986|1|13750986|;
A1002-18-000007-00|2|1|12|137509803|0|137509803|;
A1002-18-000007-00|2|3|04|39302400|0|39302400|;
A1002-18-000007-00|2|3|05|7860480|1|7860480|;
A1002-18-000007-00|3|2|03|46202762|1|46202762|;
A1002-18-000007-00|3|2|12|462027656|0|462027656|;
A1002-18-000007-00|3|1|03|25966880|1|25966880|;
A1002-18-000007-00|3|1|12|259668834|0|259668834|;
A1002-18-000007-00|3|3|05|7860480|1|7860480|;
A1002-18-000007-00|3|3|04|39302400|0|39302400|;
A1002-18-000007-00|4|1|03|3930240|1|3930240|;
A1002-18-000007-00|4|1|12|39302400|0|39302400|;
A1002-18-000007-00|5|2|03|393024|1|393024|;
A1002-18-000007-00|5|2|12|3930240|0|3930240|;
A1002-18-000007-00|6|2|03|638664|1|638664|;
A1002-18-000007-00|6|2|12|6386640|0|6386640|;
A1002-18-000020-00|1|2|03|9500000|1|9500000|;
A1002-18-000020-00|1|2|12|9500000|0|9500000|;
A1002-18-000020-00|1|1|03|100000000|1|100000000|;
A1002-18-000020-00|1|1|12|889248601|0|1336654733|;
A1002-18-000020-00|1|3|05|2000000|0|2000000|;
