225|1245|225|225|6482461070|111|6929867202|;
1001-18-000030-00|1|2|16|6681408|1|6681408|;
1001-18-000030-00|1|2|18|260783516|0|260783516|;
1001-18-000030-00|1|1|16|6681408|1|6681408|;
1001-18-000030-00|1|1|18|54357580|0|54357580|;
1001-18-000030-00|1|3|06|78907001|0|78907001|;
1001-18-000030-00|1|3|07|6681408|1|6681408|;
1001-18-000030-00|2|2|16|6681408|1|6681408|;
1001-18-000030-00|2|2|18|9006528|0|9006528|;
1001-18-000030-00|3|2|16|6681408|1|6681408|;
1001-18-000030-00|3|2|18|7202832|0|7202832|;
1001-18-000030-00|4|2|16|532274|1|532274|;
1001-18-000030-00|4|2|18|532274|0|532274|;
1001-18-000030-00|5|2|16|4777207|1|4777207|;
1001-18-000030-00|5|2|18|4777207|0|4777207|;
1001-18-000037-00|1|2|16|48278498|1|48278498|;
1001-18-000037-00|1|2|18|482784979|0|482784979|;
1001-18-000037-00|1|1|16|2657766|1|2657766|;
1001-18-000037-00|1|1|18|26577662|0|26577662|;
1001-18-000037-00|1|3|14|2947680|1|2947680|;
1001-18-000037-00|1|3|07|29476800|1|29476800|;
1001-18-000037-00|1|3|17|58953600|1|58953600|;
1001-18-000037-00|1|3|06|237870483|0|237870483|;
1001-18-000037-00|2|1|16|2323551|1|2323551|;
1001-18-000037-00|2|1|18|23235512|0|23235512|;
1001-18-000037-00|3|2|16|154909|1|154909|;
1001-18-000037-00|3|2|18|1549088|0|1549088|;
1001-18-000037-00|4|2|16|86934|1|86934|;
1001-18-000037-00|4|2|18|869342|0|869342|;
1001-18-000037-00|5|2|16|88195|1|88195|;
1001-18-000037-00|5|2|18|881946|0|881946|;
1001-18-000037-00|6|2|16|42949|1|42949|;
1001-18-000037-00|6|2|18|429489|0|429489|;
1001-18-000037-00|7|2|16|295102|1|295102|;
1001-18-000037-00|7|2|18|2951023|0|2951023|;
1001-18-000037-00|8|2|16|4159412|1|4159412|;
1001-18-000037-00|8|2|18|41594123|0|41594123|;
1001-18-000037-00|9|2|16|5931033|1|5931033|;
1001-18-000037-00|9|2|18|59310328|0|59310328|;
1001-18-000037-00|10|2|16|1415176|1|1415176|;
1001-18-000037-00|10|2|18|14151759|0|14151759|;
1001-18-000037-00|11|2|16|46594|1|46594|;
1001-18-000037-00|11|2|18|465940|0|465940|;
1001-18-000037-00|12|2|16|131013|1|131013|;
1001-18-000037-00|12|2|18|1310126|0|1310126|;
1001-18-000037-00|13|2|16|22797|1|22797|;
1001-18-000037-00|13|2|18|227968|0|227968|;
1001-18-000037-00|14|2|16|52166|1|52166|;
1001-18-000037-00|14|2|18|521657|0|521657|;
1001-18-000037-00|15|2|16|95956|1|95956|;
1001-18-000037-00|15|2|18|959558|0|959558|;
1001-18-000037-00|16|2|16|166250|1|166250|;
1001-18-000037-00|16|2|18|1662497|0|1662497|;
1001-18-000037-00|17|2|16|72758|1|72758|;
1001-18-000037-00|17|2|18|727576|0|727576|;
1001-18-000037-00|18|2|16|36356|1|36356|;
1001-18-000037-00|18|2|18|363555|0|363555|;
1001-18-000037-00|19|2|16|52660|1|52660|;
1001-18-000037-00|19|2|18|526597|0|526597|;
1001-18-000037-00|20|2|16|72758|1|72758|;
1001-18-000037-00|20|2|18|727576|0|727576|;
1001-18-000053-00|1|2|16|2975000|1|2975000|;
1001-18-000053-00|1|2|18|29750000|0|29750000|;
1001-18-000053-00|1|1|16|2666500|1|2666500|;
1001-18-000053-00|1|1|18|26665000|0|26665000|;
1001-18-000053-00|1|3|06|97500000|0|97500000|;
1001-18-000053-00|1|3|07|9750000|1|9750000|;
1001-18-000053-00|2|2|16|25000|1|25000|;
1001-18-000053-00|2|2|18|250000|0|250000|;
1001-18-000053-00|3|2|16|2962500|1|2962500|;
1001-18-000053-00|3|2|18|29625000|0|29625000|;
1001-18-000053-00|4|2|16|625000|1|625000|;
1001-18-000053-00|4|2|18|6250000|0|6250000|;
1001-18-000078-00|1|2|16|6317062|1|6317062|;
1001-18-000078-00|1|2|18|63170618|0|63170618|;
1001-18-000078-00|1|1|16|881456|1|881456|;
1001-18-000078-00|1|1|18|8814556|0|8814556|;
1001-18-000078-00|1|3|07|1660526|1|1660526|;
1001-18-000078-00|1|3|06|20111863|0|20111863|;
1001-18-000078-00|2|2|16|506967|1|506967|;
1001-18-000078-00|2|2|18|5069670|0|5069670|;
1001-18-000078-00|2|1|16|475538|1|475538|;
1001-18-000078-00|2|1|18|4755378|0|4755378|;
1001-18-000078-00|3|2|16|880985|1|880985|;
1001-18-000078-00|3|2|18|8809851|0|8809851|;
1001-18-000078-00|3|1|16|139848|1|139848|;
1001-18-000078-00|3|1|18|1398480|0|1398480|;
1001-18-000078-00|3|3|07|1379740|1|1379740|;
1001-18-000078-00|3|3|06|1379740|0|1379740|;
1001-18-000078-00|4|2|18|16291|0|16291|;
1001-18-000078-00|4|1|16|31924|1|31924|;
1001-18-000078-00|4|1|18|319240|0|319240|;
1001-18-000078-00|5|2|16|120722|1|120722|;
1001-18-000078-00|5|2|18|1207218|0|1207218|;
1001-18-000078-00|5|1|16|69317|1|69317|;
1001-18-000078-00|5|1|18|693174|0|693174|;
1001-18-000078-00|5|3|07|283138|1|283138|;
1001-18-000078-00|5|3|06|283138|0|283138|;
1001-18-000078-00|6|2|16|7303|1|7303|;
1001-18-000078-00|6|2|18|73032|0|73032|;
1001-18-000078-00|6|1|16|8292|1|8292|;
1001-18-000078-00|6|1|18|82920|0|82920|;
1001-18-000078-00|7|2|16|8509|1|8509|;
1001-18-000078-00|7|2|18|85086|0|85086|;
1001-18-000078-00|7|1|16|22227|1|22227|;
1001-18-000078-00|7|1|18|222273|0|222273|;
1001-18-000078-00|8|2|16|31892|1|31892|;
1001-18-000078-00|8|2|18|318919|0|318919|;
1001-18-000078-00|8|1|16|74415|1|74415|;
1001-18-000078-00|8|1|18|744148|0|744148|;
1001-18-000078-00|9|2|16|8504|1|8504|;
1001-18-000078-00|9|2|18|85044|0|85044|;
1001-18-000078-00|9|1|16|16584|1|16584|;
1001-18-000078-00|9|1|18|165838|0|165838|;
1001-18-000078-00|10|1|16|84267|1|84267|;
1001-18-000078-00|10|1|18|842675|0|842675|;
1001-18-000080-00|1|2|16|35372160|1|35372160|;
1001-18-000080-00|1|2|18|206830452|0|206830452|;
1001-18-000080-00|1|1|16|28660334|1|28660334|;
1001-18-000080-00|1|1|18|28660334|0|28660334|;
1001-18-000080-00|2|2|16|35372160|1|35372160|;
1001-18-000080-00|2|2|18|160860858|0|160860858|;
1001-18-000080-00|2|1|16|22078021|1|22078021|;
1001-18-000080-00|2|1|18|22078021|0|22078021|;
1001-18-000080-00|3|1|16|35372160|1|35372160|;
1001-18-000080-00|3|1|18|49065808|0|49065808|;
1001-18-000080-00|4|2|16|35372160|1|35372160|;
1001-18-000080-00|4|2|18|182368184|0|182368184|;
1001-18-000080-00|4|1|16|31925487|1|31925487|;
1001-18-000080-00|4|1|18|31925487|0|31925487|;
1001-18-000080-00|5|2|16|26524498|1|26524498|;
1001-18-000080-00|5|2|18|26524498|0|26524498|;
1001-18-000080-00|5|1|16|16003310|1|16003310|;
1001-18-000080-00|5|1|18|16003310|0|16003310|;
1001-18-000080-00|6|2|16|16113984|1|16113984|;
1001-18-000080-00|6|2|18|142299523|0|142299523|;
1001-18-000080-00|6|1|16|16113984|1|16113984|;
1001-18-000080-00|6|1|18|42236849|0|42236849|;
1001-18-000080-00|7|2|16|5895360|1|5895360|;
1001-18-000080-00|7|2|18|55892910|0|55892910|;
1001-18-000080-00|7|1|16|5895360|1|5895360|;
1001-18-000080-00|7|1|18|22664539|0|22664539|;
1001-18-000081-00|1|2|16|26266001|1|26266001|;
1001-18-000081-00|1|2|18|262660012|0|262660012|;
1001-18-000081-00|1|1|16|8421911|1|8421911|;
1001-18-000081-00|1|1|18|84219113|0|84219113|;
1001-18-000081-00|2|2|16|159666|1|159666|;
1001-18-000081-00|2|2|18|1596660|0|1596660|;
1001-18-000081-00|3|2|16|112994|1|112994|;
1001-18-000081-00|3|2|18|1129944|0|1129944|;
1001-18-000081-00|3|1|16|318744|1|318744|;
1001-18-000081-00|3|1|18|3187444|0|3187444|;
A1002-18-000002-00|2|2|16|70000|1|70000|;
A1002-18-000002-00|2|2|18|350000|0|350000|;
A1002-18-000002-00|2|1|16|15000|1|15000|;
A1002-18-000002-00|2|1|18|75000|0|75000|;
A1002-18-000002-00|6|3|07|10000000|1|10000000|;
A1002-18-000002-00|3|2|16|130000|1|130000|;
A1002-18-000002-00|3|2|18|650000|0|650000|;
A1002-18-000002-00|3|1|16|15000|1|15000|;
A1002-18-000002-00|3|1|18|75000|0|75000|;
A1002-18-000002-00|4|2|16|27600|1|27600|;
A1002-18-000002-00|4|2|18|138000|0|138000|;
A1002-18-000002-00|4|1|18|25000|0|25000|;
A1002-18-000002-00|5|2|16|2167225|1|2167225|;
A1002-18-000002-00|5|2|18|10836126|0|10836126|;
A1002-18-000002-00|5|1|16|1000000|1|1000000|;
A1002-18-000002-00|5|1|18|5000000|0|5000000|;
A1002-18-000002-00|6|2|16|7500000|1|7500000|;
A1002-18-000002-00|6|2|18|37500000|0|37500000|;
A1002-18-000002-00|6|1|16|5000000|1|5000000|;
A1002-18-000002-00|6|1|18|25000000|0|25000000|;
A1002-18-000002-00|7|2|16|503200|1|503200|;
A1002-18-000002-00|7|2|18|2516000|0|2516000|;
A1002-18-000002-00|7|1|16|42000|1|42000|;
A1002-18-000002-00|7|1|18|210000|0|210000|;
A1002-18-000002-00|8|2|16|1664000|1|1664000|;
A1002-18-000002-00|8|2|18|8320000|0|8320000|;
A1002-18-000002-00|9|2|16|1100000|1|1100000|;
A1002-18-000002-00|9|2|18|5500000|0|5500000|;
A1002-18-000002-00|9|1|16|200000|1|200000|;
A1002-18-000002-00|9|1|18|1000000|0|1000000|;
A1002-18-000002-00|10|2|16|1300000|1|1300000|;
A1002-18-000002-00|10|2|18|6500000|0|6500000|;
A1002-18-000002-00|10|1|16|50000|1|50000|;
A1002-18-000002-00|10|1|18|250000|0|250000|;
A1002-18-000002-00|11|2|16|110000|1|110000|;
A1002-18-000002-00|11|2|18|550000|0|550000|;
A1002-18-000002-00|11|1|16|50000|1|50000|;
A1002-18-000002-00|11|1|18|250000|0|250000|;
A1002-18-000002-00|12|2|16|60000|1|60000|;
A1002-18-000002-00|12|2|18|300000|0|300000|;
A1002-18-000002-00|12|1|18|25000|0|25000|;
A1002-18-000002-00|13|2|16|30000|1|30000|;
A1002-18-000002-00|13|2|18|150000|0|150000|;
A1002-18-000002-00|13|1|18|25000|0|25000|;
A1002-18-000002-00|14|2|18|50000|0|50000|;
A1002-18-000002-00|14|1|18|25000|0|25000|;
A1002-18-000006-00|1|2|16|11218379|1|11218379|;
A1002-18-000006-00|1|2|18|112183847|0|112183847|;
A1002-18-000006-00|1|3|06|64455622|0|64455622|;
A1002-18-000006-00|1|3|07|1965120|1|1965120|;
A1002-18-000007-00|2|2|16|43115578|1|43115578|;
A1002-18-000007-00|2|2|18|431155719|0|431155719|;
A1002-18-000007-00|2|1|16|13750986|1|13750986|;
A1002-18-000007-00|2|1|18|137509803|0|137509803|;
A1002-18-000007-00|2|3|06|39302400|0|39302400|;
A1002-18-000007-00|2|3|07|7860480|1|7860480|;
A1002-18-000007-00|3|2|02|39302400|1|39302400|;
A1002-18-000007-00|3|2|16|46202762|1|46202762|;
A1002-18-000007-00|3|2|18|462027656|0|462027656|;
A1002-18-000007-00|3|1|16|25966880|1|25966880|;
A1002-18-000007-00|3|1|18|259668834|0|259668834|;
A1002-18-000007-00|3|3|07|7860480|1|7860480|;
A1002-18-000007-00|3|3|06|39302400|0|39302400|;
A1002-18-000007-00|4|1|16|3930240|1|3930240|;
A1002-18-000007-00|4|1|18|39302400|0|39302400|;
A1002-18-000007-00|5|2|16|393024|1|393024|;
A1002-18-000007-00|5|2|18|3930240|0|3930240|;
A1002-18-000007-00|6|2|16|638664|1|638664|;
A1002-18-000007-00|6|2|18|6386640|0|6386640|;
A1002-18-000020-00|1|2|16|9500000|1|9500000|;
A1002-18-000020-00|1|2|18|9500000|0|9500000|;
A1002-18-000020-00|1|1|16|100000000|1|100000000|;
A1002-18-000020-00|1|1|18|889248601|0|1336654733|;
A1002-18-000020-00|1|3|07|2000000|0|2000000|;
