184|1018|184|184|8060006478|8507412610|86|;
1001-18-000030-00|1|2|02|6681408|6681408|1|;
1001-18-000030-00|1|2|01|260783516|260783516|0|;
1001-18-000030-00|1|1|02|6681408|6681408|1|;
1001-18-000030-00|1|1|01|54357580|54357580|0|;
1001-18-000030-00|1|3|03|78907001|78907001|0|;
1001-18-000030-00|1|3|04|6681408|6681408|1|;
1001-18-000030-00|2|2|02|6681408|6681408|1|;
1001-18-000030-00|2|2|01|9006528|9006528|0|;
1001-18-000030-00|3|2|02|6681408|6681408|1|;
1001-18-000030-00|3|2|01|7202832|7202832|0|;
1001-18-000030-00|4|2|02|532274|532274|1|;
1001-18-000030-00|4|2|01|532274|532274|0|;
1001-18-000030-00|5|2|02|4777207|4777207|1|;
1001-18-000030-00|5|2|01|4777207|4777207|0|;
1001-18-000037-00|1|2|02|48278498|48278498|1|;
1001-18-000037-00|1|2|01|482784979|482784979|0|;
1001-18-000037-00|1|1|02|2657766|2657766|1|;
1001-18-000037-00|1|1|01|26577662|26577662|0|;
1001-18-000037-00|1|3|07|2947680|2947680|1|;
1001-18-000037-00|1|3|04|29476800|29476800|1|;
1001-18-000037-00|1|3|09|58953600|58953600|1|;
1001-18-000037-00|1|3|03|237870483|237870483|0|;
1001-18-000037-00|2|1|02|2323551|2323551|1|;
1001-18-000037-00|2|1|01|23235512|23235512|0|;
1001-18-000037-00|3|2|02|154909|154909|1|;
1001-18-000037-00|3|2|01|1549088|1549088|0|;
1001-18-000037-00|4|2|02|86934|86934|1|;
1001-18-000037-00|4|2|01|869342|869342|0|;
1001-18-000037-00|5|2|02|88195|88195|1|;
1001-18-000037-00|5|2|01|881946|881946|0|;
1001-18-000037-00|6|2|02|42949|42949|1|;
1001-18-000037-00|6|2|01|429489|429489|0|;
1001-18-000037-00|7|2|02|295102|295102|1|;
1001-18-000037-00|7|2|01|2951023|2951023|0|;
1001-18-000037-00|8|2|02|4159412|4159412|1|;
1001-18-000037-00|8|2|01|41594123|41594123|0|;
1001-18-000037-00|9|2|02|5931033|5931033|1|;
1001-18-000037-00|9|2|01|59310328|59310328|0|;
1001-18-000037-00|10|2|02|1415176|1415176|1|;
1001-18-000037-00|10|2|01|14151759|14151759|0|;
1001-18-000037-00|11|2|02|46594|46594|1|;
1001-18-000037-00|11|2|01|465940|465940|0|;
1001-18-000037-00|12|2|02|131013|131013|1|;
1001-18-000037-00|12|2|01|1310126|1310126|0|;
1001-18-000037-00|13|2|02|22797|22797|1|;
1001-18-000037-00|13|2|01|227968|227968|0|;
1001-18-000037-00|14|2|02|52166|52166|1|;
1001-18-000037-00|14|2|01|521657|521657|0|;
1001-18-000037-00|15|2|02|95956|95956|1|;
1001-18-000037-00|15|2|01|959558|959558|0|;
1001-18-000037-00|16|2|02|166250|166250|1|;
1001-18-000037-00|16|2|01|1662497|1662497|0|;
1001-18-000037-00|17|2|02|72758|72758|1|;
1001-18-000037-00|17|2|01|727576|727576|0|;
1001-18-000037-00|18|2|02|36356|36356|1|;
1001-18-000037-00|18|2|01|363555|363555|0|;
1001-18-000037-00|19|2|02|52660|52660|1|;
1001-18-000037-00|19|2|01|526597|526597|0|;
1001-18-000037-00|20|2|02|72758|72758|1|;
1001-18-000037-00|20|2|01|727576|727576|0|;
1001-18-000053-00|1|2|02|2975000|2975000|1|;
1001-18-000053-00|1|2|01|29750000|29750000|0|;
1001-18-000053-00|1|1|02|2666500|2666500|1|;
1001-18-000053-00|1|1|01|26665000|26665000|0|;
1001-18-000053-00|1|3|03|97500000|97500000|0|;
1001-18-000053-00|1|3|04|9750000|9750000|1|;
1001-18-000053-00|2|2|02|25000|25000|1|;
1001-18-000053-00|2|2|01|250000|250000|0|;
1001-18-000053-00|3|2|02|2962500|2962500|1|;
1001-18-000053-00|3|2|01|29625000|29625000|0|;
1001-18-000053-00|4|2|02|625000|625000|1|;
1001-18-000053-00|4|2|01|6250000|6250000|0|;
1001-18-000080-00|1|2|02|35372160|35372160|1|;
1001-18-000080-00|1|2|01|206830452|206830452|0|;
1001-18-000080-00|1|1|02|28660334|28660334|1|;
1001-18-000080-00|1|1|01|28660334|28660334|0|;
1001-18-000080-00|2|2|02|35372160|35372160|1|;
1001-18-000080-00|2|2|01|160860858|160860858|0|;
1001-18-000080-00|2|1|02|22078021|22078021|1|;
1001-18-000080-00|2|1|01|22078021|22078021|0|;
1001-18-000080-00|3|1|02|35372160|35372160|1|;
1001-18-000080-00|3|1|01|49065808|49065808|0|;
1001-18-000080-00|4|2|02|35372160|35372160|1|;
1001-18-000080-00|4|2|01|182368184|182368184|0|;
1001-18-000080-00|4|1|02|31925487|31925487|1|;
1001-18-000080-00|4|1|01|31925487|31925487|0|;
1001-18-000080-00|5|2|02|26524498|26524498|1|;
1001-18-000080-00|5|2|01|26524498|26524498|0|;
1001-18-000080-00|5|1|02|16003310|16003310|1|;
1001-18-000080-00|5|1|01|16003310|16003310|0|;
1001-18-000080-00|6|2|02|16113984|16113984|1|;
1001-18-000080-00|6|2|01|142299523|142299523|0|;
1001-18-000080-00|6|1|02|16113984|16113984|1|;
1001-18-000080-00|6|1|01|42236849|42236849|0|;
1001-18-000080-00|7|2|02|5895360|5895360|1|;
1001-18-000080-00|7|2|01|55892910|55892910|0|;
1001-18-000080-00|7|1|02|5895360|5895360|1|;
1001-18-000080-00|7|1|01|22664539|22664539|0|;
1001-18-000081-00|1|2|02|26266001|26266001|1|;
1001-18-000081-00|1|2|01|262660012|262660012|0|;
1001-18-000081-00|1|1|02|8421911|8421911|1|;
1001-18-000081-00|1|1|01|84219113|84219113|0|;
1001-18-000081-00|2|2|02|159666|159666|1|;
1001-18-000081-00|2|2|01|1596660|1596660|0|;
1001-18-000081-00|3|2|02|112994|112994|1|;
1001-18-000081-00|3|2|01|1129944|1129944|0|;
1001-18-000081-00|3|1|02|318744|318744|1|;
1001-18-000081-00|3|1|01|3187444|3187444|0|;
1002-18-000035-00|1|9|01|23581440|23581440|0|;
1002-18-000035-00|2|9|01|39302400|39302400|0|;
1002-18-000035-00|3|9|01|7860480|7860480|0|;
1002-18-000035-00|4|9|01|7860480|7860480|0|;
A1002-18-000002-00|2|2|02|70000|70000|1|;
A1002-18-000002-00|2|2|01|350000|350000|0|;
A1002-18-000002-00|2|1|02|15000|15000|1|;
A1002-18-000002-00|2|1|01|75000|75000|0|;
A1002-18-000002-00|6|3|04|10000000|10000000|1|;
A1002-18-000002-00|3|2|02|130000|130000|1|;
A1002-18-000002-00|3|2|01|650000|650000|0|;
A1002-18-000002-00|3|1|02|15000|15000|1|;
A1002-18-000002-00|3|1|01|75000|75000|0|;
A1002-18-000002-00|4|2|01|138000|138000|0|;
A1002-18-000002-00|4|1|01|25000|25000|0|;
A1002-18-000002-00|5|2|02|2167225|2167225|1|;
A1002-18-000002-00|5|2|01|10836126|10836126|0|;
A1002-18-000002-00|5|1|02|1000000|1000000|1|;
A1002-18-000002-00|5|1|01|5000000|5000000|0|;
A1002-18-000002-00|6|2|02|7500000|7500000|1|;
A1002-18-000002-00|6|2|01|37500000|37500000|0|;
A1002-18-000002-00|6|1|02|5000000|5000000|1|;
A1002-18-000002-00|6|1|01|25000000|25000000|0|;
A1002-18-000002-00|7|2|02|503200|503200|1|;
A1002-18-000002-00|7|2|01|2516000|2516000|0|;
A1002-18-000002-00|7|1|02|42000|42000|1|;
A1002-18-000002-00|7|1|01|210000|210000|0|;
A1002-18-000002-00|8|2|02|1664000|1664000|1|;
A1002-18-000002-00|8|2|01|8320000|8320000|0|;
A1002-18-000002-00|9|2|02|1100000|1100000|1|;
A1002-18-000002-00|9|2|01|5500000|5500000|0|;
A1002-18-000002-00|9|1|02|200000|200000|1|;
A1002-18-000002-00|9|1|01|1000000|1000000|0|;
A1002-18-000002-00|10|2|02|1300000|1300000|1|;
A1002-18-000002-00|10|2|01|6500000|6500000|0|;
A1002-18-000002-00|10|1|02|50000|50000|1|;
A1002-18-000002-00|10|1|01|250000|250000|0|;
A1002-18-000002-00|11|2|02|110000|110000|1|;
A1002-18-000002-00|11|2|01|550000|550000|0|;
A1002-18-000002-00|11|1|02|50000|50000|1|;
A1002-18-000002-00|11|1|01|250000|250000|0|;
A1002-18-000002-00|12|2|02|60000|60000|1|;
A1002-18-000002-00|12|2|01|300000|300000|0|;
A1002-18-000002-00|12|1|01|25000|25000|0|;
A1002-18-000002-00|13|2|01|150000|150000|0|;
A1002-18-000002-00|13|1|01|25000|25000|0|;
A1002-18-000002-00|14|2|01|50000|50000|0|;
A1002-18-000002-00|14|1|01|25000|25000|0|;
A1002-18-000006-00|1|2|02|11218379|11218379|1|;
A1002-18-000006-00|1|2|01|112183847|112183847|0|;
A1002-18-000006-00|1|3|03|64455622|64455622|0|;
A1002-18-000006-00|1|3|04|1965120|1965120|1|;
A1002-18-000007-00|2|2|02|43115578|43115578|1|;
A1002-18-000007-00|2|2|01|431155719|431155719|0|;
A1002-18-000007-00|2|1|02|13750986|13750986|1|;
A1002-18-000007-00|2|1|01|137509803|137509803|0|;
A1002-18-000007-00|2|3|03|39302400|39302400|0|;
A1002-18-000007-00|2|3|04|7860480|7860480|1|;
A1002-18-000007-00|3|2|02|46202762|46202762|1|;
A1002-18-000007-00|3|2|01|462027656|462027656|0|;
A1002-18-000007-00|3|1|02|25966880|25966880|1|;
A1002-18-000007-00|3|1|01|259668834|259668834|0|;
A1002-18-000007-00|3|3|04|7860480|7860480|1|;
A1002-18-000007-00|3|3|03|39302400|39302400|0|;
A1002-18-000007-00|4|1|02|3930240|3930240|1|;
A1002-18-000007-00|4|1|01|39302400|39302400|0|;
A1002-18-000007-00|5|2|01|3930240|3930240|0|;
A1002-18-000007-00|6|2|02|638664|638664|1|;
A1002-18-000007-00|6|2|01|6386640|6386640|0|;
A1002-18-000020-00|1|2|02|9500000|9500000|1|;
A1002-18-000020-00|1|2|01|9500000|9500000|0|;
A1002-18-000020-00|1|1|02|100000000|100000000|1|;
A1002-18-000020-00|1|1|01|889248601|1336654733|0|;
A1002-18-000020-00|1|3|04|2000000|2000000|0|;
N1002-18-000022-00|1|3|01|294768000|294768000|0|;
N1003-18-000017-00|1|9|01|1375584000|1375584000|0|;
